1462.3044764362078
2024.1637663122438
1682.9461660507357
1686.8992649568402
2276.4118078497177
1727.863998959289
2109.647685916487
2210.5017868120026
1436.9839948180838
2390.5607768552127
2150.1848961494666
2369.464571961025
1000.4856650155706
2258.829807271696
1635.9492256273472
2435.8602156574157
1996.5519648936843
2496.8893233977055
2349.6303752421295
1285.6537221367855
2369.857035063252
1432.6294867631204
1494.4134410412573
1496.5832640661522
2372.24100678721
2076.7470874038436
2317.4023635866174
2510.5736435616973
1172.2182876516772
2348.4605787613336
1335.64509872839
1996.116668968233
1012.7279398539756
908.2520018703883
1948.7949012122458
2056.41872234887
2003.3893969554406
1242.010481457046
1604.8014616874557
2062.4128604703847
1725.609119864315
1401.8239029058054
1629.5319856788547
1873.4113578307517
1417.3921748355376
1286.7447867134185
1237.0119402869072
1016.4693338549386
1949.2757411280788
1584.4198194014953
1468.3643458383779
1886.434038056916
1515.408576267147
1388.6459222776489
925.5897099156001
895.6520466155454
1281.811889788321
1393.7007921550558
2503.5032537652432
2114.23913706124
1777.0799288102635
880.9240669470987
2320.6746677929364
884.7599963952903
1551.6215420265894
1900.3902140847697
2383.0757694186677
1142.8593620070753
1349.6718845844975
1976.7153043762703
2155.4520413164373
1515.8378244293729
1420.8577341689227
1879.9667796864912
1160.41279870405
2378.825972997595
2095.62878063936
1519.141591536536
2140.0265857962227
2049.846461717405
1183.2663477059498
2423.3248270209037
887.7972482996926
1908.2817713572622
1332.7630607780663
951.3901568341684
2365.4599799041325
2157.2620952637258
1831.978345787361
1402.5152007209995
2295.667416549281
1757.4125504372191
1379.386107269075
1721.9157519973214
1025.2800764717908
923.7587577018666
1142.2780498104407
1518.3498529400408
849.7114694373721
1418.5656745234235
2291.1509978890817
1434.0422162326429
2442.844806964328
1353.5182885246822
1648.3863697288148
2438.1052268114186
1620.1390059971427
1201.6203561228085
1762.6803965063775
1973.057286252689
