u1	4597.539020224837	88.64783657185976	132.97175485778962	44.32391828592988	66.48587742889481
u2	4351.320012917763	88.64783657185976	132.97175485778962	44.32391828592988	66.48587742889481
u3	8419.110534000523	88.64783657185976	132.97175485778962	44.32391828592988	66.48587742889481
u4	7298.2002093737265	88.64783657185976	132.97175485778962	44.32391828592988	66.48587742889481
u5	10304.037655512495	88.64783657185976	132.97175485778962	44.32391828592988	66.48587742889481
u6	3907.5756500286175	88.64783657185976	132.97175485778962	44.32391828592988	66.48587742889481
u7	3902.241276363596	88.64783657185976	132.97175485778962	44.32391828592988	66.48587742889481
u8	9719.776296610236	88.64783657185976	132.97175485778962	44.32391828592988	66.48587742889481
u9	5656.740313931393	88.64783657185976	132.97175485778962	44.32391828592988	66.48587742889481
u10	7899.590552960646	88.64783657185976	132.97175485778962	44.32391828592988	66.48587742889481
u11	7718.310683674944	88.64783657185976	132.97175485778962	44.32391828592988	66.48587742889481
u12	6552.32671722461	88.64783657185976	132.97175485778962	44.32391828592988	66.48587742889481
u13	6693.172167880162	88.64783657185976	132.97175485778962	44.32391828592988	66.48587742889481
u14	6141.927683880826	88.64783657185976	132.97175485778962	44.32391828592988	66.48587742889481
u15	7202.923957154036	88.64783657185976	132.97175485778962	44.32391828592988	66.48587742889481
u16	9042.294301925467	88.64783657185976	132.97175485778962	44.32391828592988	66.48587742889481
u17	6716.042398075043	88.64783657185976	132.97175485778962	44.32391828592988	66.48587742889481
u18	7887.158106228178	88.64783657185976	132.97175485778962	44.32391828592988	66.48587742889481
u19	6571.705822906455	88.64783657185976	132.97175485778962	44.32391828592988	66.48587742889481
u20	9059.636652954185	88.64783657185976	132.97175485778962	44.32391828592988	66.48587742889481
u21	8673.142586452166	88.64783657185976	132.97175485778962	44.32391828592988	66.48587742889481
u22	4413.427148341115	88.64783657185976	132.97175485778962	44.32391828592988	66.48587742889481
u23	8154.736028072743	88.64783657185976	132.97175485778962	44.32391828592988	66.48587742889481
u24	6346.06328166279	88.64783657185976	132.97175485778962	44.32391828592988	66.48587742889481
u25	6030.508322249011	88.64783657185976	132.97175485778962	44.32391828592988	66.48587742889481
u26	5928.7521756198585	88.64783657185976	132.97175485778962	44.32391828592988	66.48587742889481
u27	9528.172657100013	88.64783657185976	132.97175485778962	44.32391828592988	66.48587742889481
u28	5979.023693115995	88.64783657185976	132.97175485778962	44.32391828592988	66.48587742889481
u29	6311.856359956508	88.64783657185976	132.97175485778962	44.32391828592988	66.48587742889481
u30	10372.206918256546	88.64783657185976	132.97175485778962	44.32391828592988	66.48587742889481
u31	5751.521889983075	88.64783657185976	132.97175485778962	44.32391828592988	66.48587742889481
u32	9842.933844404308	88.64783657185976	132.97175485778962	44.32391828592988	66.48587742889481
u33	4223.092110066345	88.64783657185976	132.97175485778962	44.32391828592988	66.48587742889481
u34	4373.19684396591	88.64783657185976	132.97175485778962	44.32391828592988	66.48587742889481
u35	9535.045229346042	88.64783657185976	132.97175485778962	44.32391828592988	66.48587742889481
u36	3565.865279139969	88.64783657185976	132.97175485778962	44.32391828592988	66.48587742889481
u37	4172.829465906053	88.64783657185976	132.97175485778962	44.32391828592988	66.48587742889481
u38	6008.314650496849	88.64783657185976	132.97175485778962	44.32391828592988	66.48587742889481
u39	3815.3500565093136	88.64783657185976	132.97175485778962	44.32391828592988	66.48587742889481
u40	8961.39916341347	88.64783657185976	132.97175485778962	44.32391828592988	66.48587742889481
u41	10004.243244026085	88.64783657185976	132.97175485778962	44.32391828592988	66.48587742889481
u42	4239.389980273526	88.64783657185976	132.97175485778962	44.32391828592988	66.48587742889481
u43	4853.815940964091	88.64783657185976	132.97175485778962	44.32391828592988	66.48587742889481
u44	6312.440221070036	88.64783657185976	132.97175485778962	44.32391828592988	66.48587742889481
u45	9830.30018768144	88.64783657185976	132.97175485778962	44.32391828592988	66.48587742889481
u46	6852.0241687855105	88.64783657185976	132.97175485778962	44.32391828592988	66.48587742889481
u47	8514.917595803508	88.64783657185976	132.97175485778962	44.32391828592988	66.48587742889481
u48	6086.975913336933	88.64783657185976	132.97175485778962	44.32391828592988	66.48587742889481
u49	5677.875548964965	88.64783657185976	132.97175485778962	44.32391828592988	66.48587742889481
u50	5150.287434246542	88.64783657185976	132.97175485778962	44.32391828592988	66.48587742889481
u51	4986.102727312023	88.64783657185976	132.97175485778962	44.32391828592988	66.48587742889481
u52	9657.259959058872	88.64783657185976	132.97175485778962	44.32391828592988	66.48587742889481
u53	4610.894119532735	88.64783657185976	132.97175485778962	44.32391828592988	66.48587742889481
u54	4841.515569083555	88.64783657185976	132.97175485778962	44.32391828592988	66.48587742889481
u55	5971.953954973161	88.64783657185976	132.97175485778962	44.32391828592988	66.48587742889481
u56	8642.3182551178	88.64783657185976	132.97175485778962	44.32391828592988	66.48587742889481
u57	7519.576285837749	88.64783657185976	132.97175485778962	44.32391828592988	66.48587742889481
u58	6985.4893455761185	88.64783657185976	132.97175485778962	44.32391828592988	66.48587742889481
u59	9041.31866966391	88.64783657185976	132.97175485778962	44.32391828592988	66.48587742889481
u60	4462.906235584334	88.64783657185976	132.97175485778962	44.32391828592988	66.48587742889481
u61	7525.4529382497685	88.64783657185976	132.97175485778962	44.32391828592988	66.48587742889481
u62	10429.730471951756	88.64783657185976	132.97175485778962	44.32391828592988	66.48587742889481
u63	7654.887827711312	88.64783657185976	132.97175485778962	44.32391828592988	66.48587742889481
u64	3901.1983032094345	88.64783657185976	132.97175485778962	44.32391828592988	66.48587742889481
u65	9783.48913671538	88.64783657185976	132.97175485778962	44.32391828592988	66.48587742889481
u66	4352.75503962612	88.64783657185976	132.97175485778962	44.32391828592988	66.48587742889481
u67	9389.970521784879	88.64783657185976	132.97175485778962	44.32391828592988	66.48587742889481
u68	4733.63532897191	88.64783657185976	132.97175485778962	44.32391828592988	66.48587742889481
u69	9816.307308268062	88.64783657185976	132.97175485778962	44.32391828592988	66.48587742889481
u70	4974.835127945554	88.64783657185976	132.97175485778962	44.32391828592988	66.48587742889481
u71	4850.33748940044	88.64783657185976	132.97175485778962	44.32391828592988	66.48587742889481
u72	7909.673237287391	88.64783657185976	132.97175485778962	44.32391828592988	66.48587742889481
u73	9404.223827078335	88.64783657185976	132.97175485778962	44.32391828592988	66.48587742889481
u74	9452.577362766571	88.64783657185976	132.97175485778962	44.32391828592988	66.48587742889481
u75	9841.11826614076	88.64783657185976	132.97175485778962	44.32391828592988	66.48587742889481
u76	3972.147338370058	88.64783657185976	132.97175485778962	44.32391828592988	66.48587742889481
u77	7179.986042628448	88.64783657185976	132.97175485778962	44.32391828592988	66.48587742889481
u78	6353.468291188813	88.64783657185976	132.97175485778962	44.32391828592988	66.48587742889481
u79	8862.22570104494	88.64783657185976	132.97175485778962	44.32391828592988	66.48587742889481
u80	8965.38816400006	88.64783657185976	132.97175485778962	44.32391828592988	66.48587742889481
u81	6429.059561478473	88.64783657185976	132.97175485778962	44.32391828592988	66.48587742889481
u82	6410.842532624691	88.64783657185976	132.97175485778962	44.32391828592988	66.48587742889481
u83	8422.024819943696	88.64783657185976	132.97175485778962	44.32391828592988	66.48587742889481
u84	6699.706272372959	88.64783657185976	132.97175485778962	44.32391828592988	66.48587742889481
u85	6558.581702288798	88.64783657185976	132.97175485778962	44.32391828592988	66.48587742889481
u86	10115.070208938143	88.64783657185976	132.97175485778962	44.32391828592988	66.48587742889481
u87	8419.701510514195	88.64783657185976	132.97175485778962	44.32391828592988	66.48587742889481
u88	7066.478776392619	88.64783657185976	132.97175485778962	44.32391828592988	66.48587742889481
u89	6480.281681757455	88.64783657185976	132.97175485778962	44.32391828592988	66.48587742889481
u90	3875.402588082999	88.64783657185976	132.97175485778962	44.32391828592988	66.48587742889481
u91	4166.772376665808	88.64783657185976	132.97175485778962	44.32391828592988	66.48587742889481
u92	6170.270059736795	88.64783657185976	132.97175485778962	44.32391828592988	66.48587742889481
u93	10020.207772087555	88.64783657185976	132.97175485778962	44.32391828592988	66.48587742889481
u94	8398.828245810046	88.64783657185976	132.97175485778962	44.32391828592988	66.48587742889481
u95	4973.318549614162	88.64783657185976	132.97175485778962	44.32391828592988	66.48587742889481
u96	7979.985055883637	88.64783657185976	132.97175485778962	44.32391828592988	66.48587742889481
u97	8307.6005216867	88.64783657185976	132.97175485778962	44.32391828592988	66.48587742889481
u98	7449.170387725219	88.64783657185976	132.97175485778962	44.32391828592988	66.48587742889481
u99	3879.071049418466	88.64783657185976	132.97175485778962	44.32391828592988	66.48587742889481
u100	4315.760844591981	88.64783657185976	132.97175485778962	44.32391828592988	66.48587742889481
u101	3627.3987804928474	88.64783657185976	132.97175485778962	44.32391828592988	66.48587742889481
u102	7511.230031787068	88.64783657185976	132.97175485778962	44.32391828592988	66.48587742889481
u103	9561.512615539397	88.64783657185976	132.97175485778962	44.32391828592988	66.48587742889481
u104	7136.066421064967	88.64783657185976	132.97175485778962	44.32391828592988	66.48587742889481
u105	7038.497075452413	88.64783657185976	132.97175485778962	44.32391828592988	66.48587742889481
u106	9729.381822755402	88.64783657185976	132.97175485778962	44.32391828592988	66.48587742889481
u107	10469.856736358668	88.64783657185976	132.97175485778962	44.32391828592988	66.48587742889481
u108	7614.07480363648	88.64783657185976	132.97175485778962	44.32391828592988	66.48587742889481
u109	4737.550159473611	88.64783657185976	132.97175485778962	44.32391828592988	66.48587742889481
u110	3714.13910126363	88.64783657185976	132.97175485778962	44.32391828592988	66.48587742889481
