u1	2051.349397834085	88.64783657185976	132.97175485778962	44.32391828592988	66.48587742889481
u2	1211.3699467678728	88.64783657185976	132.97175485778962	44.32391828592988	66.48587742889481
u3	1555.7031405826217	88.64783657185976	132.97175485778962	44.32391828592988	66.48587742889481
u4	1269.3654358349	88.64783657185976	132.97175485778962	44.32391828592988	66.48587742889481
u5	886.4394791552453	88.64783657185976	132.97175485778962	44.32391828592988	66.48587742889481
u6	1079.2446359680912	88.64783657185976	132.97175485778962	44.32391828592988	66.48587742889481
u7	1689.0586758379063	88.64783657185976	132.97175485778962	44.32391828592988	66.48587742889481
u8	1784.413592934483	88.64783657185976	132.97175485778962	44.32391828592988	66.48587742889481
u9	819.1748456148376	88.64783657185976	132.97175485778962	44.32391828592988	66.48587742889481
u10	1430.5622153503057	88.64783657185976	132.97175485778962	44.32391828592988	66.48587742889481
u11	759.1268856265585	88.64783657185976	132.97175485778962	44.32391828592988	66.48587742889481
u12	1261.6426819527476	88.64783657185976	132.97175485778962	44.32391828592988	66.48587742889481
u13	768.3436025412431	88.64783657185976	132.97175485778962	44.32391828592988	66.48587742889481
u14	774.5916495312588	88.64783657185976	132.97175485778962	44.32391828592988	66.48587742889481
u15	1680.320695498795	88.64783657185976	132.97175485778962	44.32391828592988	66.48587742889481
u16	1617.5491617282826	88.64783657185976	132.97175485778962	44.32391828592988	66.48587742889481
u17	1906.3031713138098	88.64783657185976	132.97175485778962	44.32391828592988	66.48587742889481
u18	1368.6609428360666	88.64783657185976	132.97175485778962	44.32391828592988	66.48587742889481
u19	832.8814490548377	88.64783657185976	132.97175485778962	44.32391828592988	66.48587742889481
u20	1431.9209251417026	88.64783657185976	132.97175485778962	44.32391828592988	66.48587742889481
u21	1541.8283036340717	88.64783657185976	132.97175485778962	44.32391828592988	66.48587742889481
u22	1842.3242719294624	88.64783657185976	132.97175485778962	44.32391828592988	66.48587742889481
u23	751.9637945648028	88.64783657185976	132.97175485778962	44.32391828592988	66.48587742889481
u24	1079.8351685298414	88.64783657185976	132.97175485778962	44.32391828592988	66.48587742889481
u25	1181.598108274022	88.64783657185976	132.97175485778962	44.32391828592988	66.48587742889481
u26	1542.5793776934922	88.64783657185976	132.97175485778962	44.32391828592988	66.48587742889481
u27	1032.860352234951	88.64783657185976	132.97175485778962	44.32391828592988	66.48587742889481
u28	1740.6978471076898	88.64783657185976	132.97175485778962	44.32391828592988	66.48587742889481
u29	1614.2810120016238	88.64783657185976	132.97175485778962	44.32391828592988	66.48587742889481
u30	1636.733565730856	88.64783657185976	132.97175485778962	44.32391828592988	66.48587742889481
u31	939.576307070499	88.64783657185976	132.97175485778962	44.32391828592988	66.48587742889481
u32	2053.938856277218	88.64783657185976	132.97175485778962	44.32391828592988	66.48587742889481
u33	1557.8198468188093	88.64783657185976	132.97175485778962	44.32391828592988	66.48587742889481
u34	1973.5389224345313	88.64783657185976	132.97175485778962	44.32391828592988	66.48587742889481
u35	917.6505062617404	88.64783657185976	132.97175485778962	44.32391828592988	66.48587742889481
u36	1301.1295344595637	88.64783657185976	132.97175485778962	44.32391828592988	66.48587742889481
u37	1323.2256925809718	88.64783657185976	132.97175485778962	44.32391828592988	66.48587742889481
u38	1075.9724810301143	88.64783657185976	132.97175485778962	44.32391828592988	66.48587742889481
u39	1276.1130603769107	88.64783657185976	132.97175485778962	44.32391828592988	66.48587742889481
u40	1368.9892848927973	88.64783657185976	132.97175485778962	44.32391828592988	66.48587742889481
u41	1095.0023235677097	88.64783657185976	132.97175485778962	44.32391828592988	66.48587742889481
u42	1991.9505947062917	88.64783657185976	132.97175485778962	44.32391828592988	66.48587742889481
u43	1925.7114805317822	88.64783657185976	132.97175485778962	44.32391828592988	66.48587742889481
u44	806.0822183725732	88.64783657185976	132.97175485778962	44.32391828592988	66.48587742889481
u45	2083.1952520791774	88.64783657185976	132.97175485778962	44.32391828592988	66.48587742889481
u46	1594.8126766478686	88.64783657185976	132.97175485778962	44.32391828592988	66.48587742889481
u47	1253.1393655063932	88.64783657185976	132.97175485778962	44.32391828592988	66.48587742889481
u48	885.4790640116022	88.64783657185976	132.97175485778962	44.32391828592988	66.48587742889481
u49	1901.9669553058418	88.64783657185976	132.97175485778962	44.32391828592988	66.48587742889481
u50	2083.44674539614	88.64783657185976	132.97175485778962	44.32391828592988	66.48587742889481
u51	1130.5215002137581	88.64783657185976	132.97175485778962	44.32391828592988	66.48587742889481
u52	1940.1247506015711	88.64783657185976	132.97175485778962	44.32391828592988	66.48587742889481
u53	1120.3356481717585	88.64783657185976	132.97175485778962	44.32391828592988	66.48587742889481
u54	1508.3535315839495	88.64783657185976	132.97175485778962	44.32391828592988	66.48587742889481
u55	1277.9814775124376	88.64783657185976	132.97175485778962	44.32391828592988	66.48587742889481
u56	782.3190688675147	88.64783657185976	132.97175485778962	44.32391828592988	66.48587742889481
u57	1219.1503403883585	88.64783657185976	132.97175485778962	44.32391828592988	66.48587742889481
u58	1982.013907538856	88.64783657185976	132.97175485778962	44.32391828592988	66.48587742889481
u59	1182.508816353317	88.64783657185976	132.97175485778962	44.32391828592988	66.48587742889481
u60	1983.9635142258055	88.64783657185976	132.97175485778962	44.32391828592988	66.48587742889481
u61	1523.9067610140187	88.64783657185976	132.97175485778962	44.32391828592988	66.48587742889481
u62	1221.8372885653127	88.64783657185976	132.97175485778962	44.32391828592988	66.48587742889481
u63	2000.3263305485382	88.64783657185976	132.97175485778962	44.32391828592988	66.48587742889481
u64	1087.5131463701005	88.64783657185976	132.97175485778962	44.32391828592988	66.48587742889481
u65	808.5339675474092	88.64783657185976	132.97175485778962	44.32391828592988	66.48587742889481
u66	1010.8471158265662	88.64783657185976	132.97175485778962	44.32391828592988	66.48587742889481
u67	724.9833943539003	88.64783657185976	132.97175485778962	44.32391828592988	66.48587742889481
u68	862.6792231967576	88.64783657185976	132.97175485778962	44.32391828592988	66.48587742889481
u69	2003.6645553098604	88.64783657185976	132.97175485778962	44.32391828592988	66.48587742889481
u70	1483.273110114289	88.64783657185976	132.97175485778962	44.32391828592988	66.48587742889481
u71	895.0582590046924	88.64783657185976	132.97175485778962	44.32391828592988	66.48587742889481
u72	1177.1833631229372	88.64783657185976	132.97175485778962	44.32391828592988	66.48587742889481
u73	940.1151164431332	88.64783657185976	132.97175485778962	44.32391828592988	66.48587742889481
u74	861.7551342706969	88.64783657185976	132.97175485778962	44.32391828592988	66.48587742889481
u75	1849.2040502424786	88.64783657185976	132.97175485778962	44.32391828592988	66.48587742889481
u76	1548.4125912058728	88.64783657185976	132.97175485778962	44.32391828592988	66.48587742889481
u77	810.931409781681	88.64783657185976	132.97175485778962	44.32391828592988	66.48587742889481
u78	741.8177538498716	88.64783657185976	132.97175485778962	44.32391828592988	66.48587742889481
u79	1547.8859876022427	88.64783657185976	132.97175485778962	44.32391828592988	66.48587742889481
u80	1647.0482947158782	88.64783657185976	132.97175485778962	44.32391828592988	66.48587742889481
u81	1214.7954455176741	88.64783657185976	132.97175485778962	44.32391828592988	66.48587742889481
u82	926.7683646648793	88.64783657185976	132.97175485778962	44.32391828592988	66.48587742889481
u83	1213.1348632217268	88.64783657185976	132.97175485778962	44.32391828592988	66.48587742889481
u84	731.001019290685	88.64783657185976	132.97175485778962	44.32391828592988	66.48587742889481
u85	1373.775541507474	88.64783657185976	132.97175485778962	44.32391828592988	66.48587742889481
u86	1685.7358973288235	88.64783657185976	132.97175485778962	44.32391828592988	66.48587742889481
u87	1714.4843265598145	88.64783657185976	132.97175485778962	44.32391828592988	66.48587742889481
u88	1077.0896673319392	88.64783657185976	132.97175485778962	44.32391828592988	66.48587742889481
u89	1960.6918115409958	88.64783657185976	132.97175485778962	44.32391828592988	66.48587742889481
u90	2007.9919071740424	88.64783657185976	132.97175485778962	44.32391828592988	66.48587742889481
u91	1974.7705803751387	88.64783657185976	132.97175485778962	44.32391828592988	66.48587742889481
u92	1808.5611194904295	88.64783657185976	132.97175485778962	44.32391828592988	66.48587742889481
u93	1192.252873017691	88.64783657185976	132.97175485778962	44.32391828592988	66.48587742889481
u94	795.3463566822702	88.64783657185976	132.97175485778962	44.32391828592988	66.48587742889481
u95	1679.3270521709542	88.64783657185976	132.97175485778962	44.32391828592988	66.48587742889481
u96	1777.0262542265673	88.64783657185976	132.97175485778962	44.32391828592988	66.48587742889481
u97	1414.889245532168	88.64783657185976	132.97175485778962	44.32391828592988	66.48587742889481
u98	1699.2609849020391	88.64783657185976	132.97175485778962	44.32391828592988	66.48587742889481
u99	1518.0230726335392	88.64783657185976	132.97175485778962	44.32391828592988	66.48587742889481
u100	1925.5185086138777	88.64783657185976	132.97175485778962	44.32391828592988	66.48587742889481
u101	843.5388113840205	88.64783657185976	132.97175485778962	44.32391828592988	66.48587742889481
u102	1588.1111071977361	88.64783657185976	132.97175485778962	44.32391828592988	66.48587742889481
u103	1958.2985839809141	88.64783657185976	132.97175485778962	44.32391828592988	66.48587742889481
u104	960.3140853542162	88.64783657185976	132.97175485778962	44.32391828592988	66.48587742889481
u105	1560.6197608405303	88.64783657185976	132.97175485778962	44.32391828592988	66.48587742889481
u106	1516.7001289814984	88.64783657185976	132.97175485778962	44.32391828592988	66.48587742889481
u107	1834.6905452288668	88.64783657185976	132.97175485778962	44.32391828592988	66.48587742889481
u108	1986.9607823987403	88.64783657185976	132.97175485778962	44.32391828592988	66.48587742889481
u109	1657.4555467213147	88.64783657185976	132.97175485778962	44.32391828592988	66.48587742889481
u110	1745.407881353037	88.64783657185976	132.97175485778962	44.32391828592988	66.48587742889481
