u1	1388.0425145858148	118.19711542914634	177.2956731437195	59.09855771457317	88.64783657185976
u2	1035.5151145012437	118.19711542914634	177.2956731437195	59.09855771457317	88.64783657185976
u3	1182.13315469785	118.19711542914634	177.2956731437195	59.09855771457317	88.64783657185976
u4	1679.6423802466916	118.19711542914634	177.2956731437195	59.09855771457317	88.64783657185976
u5	1685.6311836678108	118.19711542914634	177.2956731437195	59.09855771457317	88.64783657185976
u6	1681.3330480118102	118.19711542914634	177.2956731437195	59.09855771457317	88.64783657185976
u7	808.0560524496245	118.19711542914634	177.2956731437195	59.09855771457317	88.64783657185976
u8	2020.418336686797	118.19711542914634	177.2956731437195	59.09855771457317	88.64783657185976
u9	996.317753110511	118.19711542914634	177.2956731437195	59.09855771457317	88.64783657185976
u10	726.3755371029138	118.19711542914634	177.2956731437195	59.09855771457317	88.64783657185976
u11	1768.076933897046	118.19711542914634	177.2956731437195	59.09855771457317	88.64783657185976
u12	1309.4429337874503	118.19711542914634	177.2956731437195	59.09855771457317	88.64783657185976
u13	1974.1043240736387	118.19711542914634	177.2956731437195	59.09855771457317	88.64783657185976
u14	1644.8057558188384	118.19711542914634	177.2956731437195	59.09855771457317	88.64783657185976
u15	902.1590298298139	118.19711542914634	177.2956731437195	59.09855771457317	88.64783657185976
u16	1469.653961572696	118.19711542914634	177.2956731437195	59.09855771457317	88.64783657185976
u17	1515.939123148674	118.19711542914634	177.2956731437195	59.09855771457317	88.64783657185976
u18	827.5480746466991	118.19711542914634	177.2956731437195	59.09855771457317	88.64783657185976
u19	1849.6156276161403	118.19711542914634	177.2956731437195	59.09855771457317	88.64783657185976
u20	976.3247734239742	118.19711542914634	177.2956731437195	59.09855771457317	88.64783657185976
u21	790.790579045861	118.19711542914634	177.2956731437195	59.09855771457317	88.64783657185976
u22	1201.2654860271546	118.19711542914634	177.2956731437195	59.09855771457317	88.64783657185976
u23	1574.698550484174	118.19711542914634	177.2956731437195	59.09855771457317	88.64783657185976
u24	1851.3740391025563	118.19711542914634	177.2956731437195	59.09855771457317	88.64783657185976
u25	1709.2903017230583	118.19711542914634	177.2956731437195	59.09855771457317	88.64783657185976
u26	1879.1141161212213	118.19711542914634	177.2956731437195	59.09855771457317	88.64783657185976
u27	1385.3170586436675	118.19711542914634	177.2956731437195	59.09855771457317	88.64783657185976
u28	1870.729926364615	118.19711542914634	177.2956731437195	59.09855771457317	88.64783657185976
u29	1234.2478261698059	118.19711542914634	177.2956731437195	59.09855771457317	88.64783657185976
u30	1692.2950923194956	118.19711542914634	177.2956731437195	59.09855771457317	88.64783657185976
u31	886.9629747629454	118.19711542914634	177.2956731437195	59.09855771457317	88.64783657185976
u32	702.0622794786821	118.19711542914634	177.2956731437195	59.09855771457317	88.64783657185976
u33	1972.0954372802044	118.19711542914634	177.2956731437195	59.09855771457317	88.64783657185976
u34	1548.4853507589312	118.19711542914634	177.2956731437195	59.09855771457317	88.64783657185976
u35	1293.759359635759	118.19711542914634	177.2956731437195	59.09855771457317	88.64783657185976
u36	1670.340808283891	118.19711542914634	177.2956731437195	59.09855771457317	88.64783657185976
u37	1126.075489498259	118.19711542914634	177.2956731437195	59.09855771457317	88.64783657185976
u38	1046.4192470613004	118.19711542914634	177.2956731437195	59.09855771457317	88.64783657185976
u39	1234.665461568013	118.19711542914634	177.2956731437195	59.09855771457317	88.64783657185976
u40	977.794488225051	118.19711542914634	177.2956731437195	59.09855771457317	88.64783657185976
u41	1688.797334218376	118.19711542914634	177.2956731437195	59.09855771457317	88.64783657185976
u42	1501.5235251648185	118.19711542914634	177.2956731437195	59.09855771457317	88.64783657185976
u43	1160.5992662332521	118.19711542914634	177.2956731437195	59.09855771457317	88.64783657185976
u44	1236.807052916976	118.19711542914634	177.2956731437195	59.09855771457317	88.64783657185976
u45	1456.0729176387117	118.19711542914634	177.2956731437195	59.09855771457317	88.64783657185976
u46	2046.6940927199637	118.19711542914634	177.2956731437195	59.09855771457317	88.64783657185976
u47	1060.8536340833307	118.19711542914634	177.2956731437195	59.09855771457317	88.64783657185976
u48	914.0720669214384	118.19711542914634	177.2956731437195	59.09855771457317	88.64783657185976
u49	1474.3095004328018	118.19711542914634	177.2956731437195	59.09855771457317	88.64783657185976
u50	1208.6216254339963	118.19711542914634	177.2956731437195	59.09855771457317	88.64783657185976
u51	2063.6054809311786	118.19711542914634	177.2956731437195	59.09855771457317	88.64783657185976
u52	1895.5163015536411	118.19711542914634	177.2956731437195	59.09855771457317	88.64783657185976
u53	1816.3495439854862	118.19711542914634	177.2956731437195	59.09855771457317	88.64783657185976
u54	934.1527966460884	118.19711542914634	177.2956731437195	59.09855771457317	88.64783657185976
u55	1545.3966821580857	118.19711542914634	177.2956731437195	59.09855771457317	88.64783657185976
u56	983.7057770064469	118.19711542914634	177.2956731437195	59.09855771457317	88.64783657185976
u57	2056.3920475379996	118.19711542914634	177.2956731437195	59.09855771457317	88.64783657185976
u58	2029.556298203914	118.19711542914634	177.2956731437195	59.09855771457317	88.64783657185976
u59	1818.6478665037962	118.19711542914634	177.2956731437195	59.09855771457317	88.64783657185976
u60	1384.2471389649756	118.19711542914634	177.2956731437195	59.09855771457317	88.64783657185976
u61	1210.6146405389807	118.19711542914634	177.2956731437195	59.09855771457317	88.64783657185976
u62	1020.3174476325757	118.19711542914634	177.2956731437195	59.09855771457317	88.64783657185976
u63	902.2032763710387	118.19711542914634	177.2956731437195	59.09855771457317	88.64783657185976
u64	753.074659631344	118.19711542914634	177.2956731437195	59.09855771457317	88.64783657185976
u65	1381.3386918928993	118.19711542914634	177.2956731437195	59.09855771457317	88.64783657185976
u66	2079.3797526433	118.19711542914634	177.2956731437195	59.09855771457317	88.64783657185976
u67	1508.3359921288177	118.19711542914634	177.2956731437195	59.09855771457317	88.64783657185976
u68	1905.334427067444	118.19711542914634	177.2956731437195	59.09855771457317	88.64783657185976
u69	1176.7929588020825	118.19711542914634	177.2956731437195	59.09855771457317	88.64783657185976
u70	707.7004541378539	118.19711542914634	177.2956731437195	59.09855771457317	88.64783657185976
u71	1595.8216576890773	118.19711542914634	177.2956731437195	59.09855771457317	88.64783657185976
u72	2061.0674125229043	118.19711542914634	177.2956731437195	59.09855771457317	88.64783657185976
u73	1673.2129067135286	118.19711542914634	177.2956731437195	59.09855771457317	88.64783657185976
u74	2043.3153066956781	118.19711542914634	177.2956731437195	59.09855771457317	88.64783657185976
u75	1256.5994181630867	118.19711542914634	177.2956731437195	59.09855771457317	88.64783657185976
u76	1021.0790115638644	118.19711542914634	177.2956731437195	59.09855771457317	88.64783657185976
u77	1967.4000703035	118.19711542914634	177.2956731437195	59.09855771457317	88.64783657185976
u78	830.0721062729496	118.19711542914634	177.2956731437195	59.09855771457317	88.64783657185976
u79	791.2434642141385	118.19711542914634	177.2956731437195	59.09855771457317	88.64783657185976
u80	979.0965605181196	118.19711542914634	177.2956731437195	59.09855771457317	88.64783657185976
u81	1978.6178082750034	118.19711542914634	177.2956731437195	59.09855771457317	88.64783657185976
u82	974.9722282872015	118.19711542914634	177.2956731437195	59.09855771457317	88.64783657185976
u83	858.4294818344736	118.19711542914634	177.2956731437195	59.09855771457317	88.64783657185976
u84	738.2686196526538	118.19711542914634	177.2956731437195	59.09855771457317	88.64783657185976
u85	1641.8927621254513	118.19711542914634	177.2956731437195	59.09855771457317	88.64783657185976
u86	1814.7460130052386	118.19711542914634	177.2956731437195	59.09855771457317	88.64783657185976
u87	1062.067509007534	118.19711542914634	177.2956731437195	59.09855771457317	88.64783657185976
u88	1484.7198031316707	118.19711542914634	177.2956731437195	59.09855771457317	88.64783657185976
u89	1551.4862064516828	118.19711542914634	177.2956731437195	59.09855771457317	88.64783657185976
u90	1003.555109844737	118.19711542914634	177.2956731437195	59.09855771457317	88.64783657185976
u91	974.7728055513485	118.19711542914634	177.2956731437195	59.09855771457317	88.64783657185976
u92	1131.9608332165474	118.19711542914634	177.2956731437195	59.09855771457317	88.64783657185976
u93	894.7093794214297	118.19711542914634	177.2956731437195	59.09855771457317	88.64783657185976
u94	1796.1504393056557	118.19711542914634	177.2956731437195	59.09855771457317	88.64783657185976
u95	967.2258644935237	118.19711542914634	177.2956731437195	59.09855771457317	88.64783657185976
u96	1048.2239857196253	118.19711542914634	177.2956731437195	59.09855771457317	88.64783657185976
u97	946.64633946693	118.19711542914634	177.2956731437195	59.09855771457317	88.64783657185976
u98	1680.2865011060935	118.19711542914634	177.2956731437195	59.09855771457317	88.64783657185976
u99	1936.3217353984244	118.19711542914634	177.2956731437195	59.09855771457317	88.64783657185976
u100	1054.2657029595973	118.19711542914634	177.2956731437195	59.09855771457317	88.64783657185976
u101	1553.841154092615	118.19711542914634	177.2956731437195	59.09855771457317	88.64783657185976
u102	1900.405554376478	118.19711542914634	177.2956731437195	59.09855771457317	88.64783657185976
u103	1337.590838742606	118.19711542914634	177.2956731437195	59.09855771457317	88.64783657185976
u104	1291.677588093941	118.19711542914634	177.2956731437195	59.09855771457317	88.64783657185976
u105	758.5320388517514	118.19711542914634	177.2956731437195	59.09855771457317	88.64783657185976
u106	1817.4990589123959	118.19711542914634	177.2956731437195	59.09855771457317	88.64783657185976
u107	1907.842828728578	118.19711542914634	177.2956731437195	59.09855771457317	88.64783657185976
u108	1804.6008533421311	118.19711542914634	177.2956731437195	59.09855771457317	88.64783657185976
u109	1861.065502732383	118.19711542914634	177.2956731437195	59.09855771457317	88.64783657185976
u110	1248.5972762396634	118.19711542914634	177.2956731437195	59.09855771457317	88.64783657185976
