u1	1462.3044764362078	106.3774038862317	159.56610582934755	53.18870194311585	79.78305291467377
u2	2024.1637663122438	106.3774038862317	159.56610582934755	53.18870194311585	79.78305291467377
u3	1682.9461660507357	106.3774038862317	159.56610582934755	53.18870194311585	79.78305291467377
u4	1686.8992649568402	106.3774038862317	159.56610582934755	53.18870194311585	79.78305291467377
u5	2276.4118078497177	106.3774038862317	159.56610582934755	53.18870194311585	79.78305291467377
u6	1727.863998959289	106.3774038862317	159.56610582934755	53.18870194311585	79.78305291467377
u7	2109.647685916487	106.3774038862317	159.56610582934755	53.18870194311585	79.78305291467377
u8	2210.5017868120026	106.3774038862317	159.56610582934755	53.18870194311585	79.78305291467377
u9	1436.9839948180838	106.3774038862317	159.56610582934755	53.18870194311585	79.78305291467377
u10	2390.5607768552127	106.3774038862317	159.56610582934755	53.18870194311585	79.78305291467377
u11	2150.1848961494666	106.3774038862317	159.56610582934755	53.18870194311585	79.78305291467377
u12	2369.464571961025	106.3774038862317	159.56610582934755	53.18870194311585	79.78305291467377
u13	1000.4856650155706	106.3774038862317	159.56610582934755	53.18870194311585	79.78305291467377
u14	2258.829807271696	106.3774038862317	159.56610582934755	53.18870194311585	79.78305291467377
u15	1635.9492256273472	106.3774038862317	159.56610582934755	53.18870194311585	79.78305291467377
u16	2435.8602156574157	106.3774038862317	159.56610582934755	53.18870194311585	79.78305291467377
u17	1996.5519648936843	106.3774038862317	159.56610582934755	53.18870194311585	79.78305291467377
u18	2496.8893233977055	106.3774038862317	159.56610582934755	53.18870194311585	79.78305291467377
u19	2349.6303752421295	106.3774038862317	159.56610582934755	53.18870194311585	79.78305291467377
u20	1285.6537221367855	106.3774038862317	159.56610582934755	53.18870194311585	79.78305291467377
u21	2369.857035063252	106.3774038862317	159.56610582934755	53.18870194311585	79.78305291467377
u22	1432.6294867631204	106.3774038862317	159.56610582934755	53.18870194311585	79.78305291467377
u23	1494.4134410412573	106.3774038862317	159.56610582934755	53.18870194311585	79.78305291467377
u24	1496.5832640661522	106.3774038862317	159.56610582934755	53.18870194311585	79.78305291467377
u25	2372.24100678721	106.3774038862317	159.56610582934755	53.18870194311585	79.78305291467377
u26	2076.7470874038436	106.3774038862317	159.56610582934755	53.18870194311585	79.78305291467377
u27	2317.4023635866174	106.3774038862317	159.56610582934755	53.18870194311585	79.78305291467377
u28	2510.5736435616973	106.3774038862317	159.56610582934755	53.18870194311585	79.78305291467377
u29	1172.2182876516772	106.3774038862317	159.56610582934755	53.18870194311585	79.78305291467377
u30	2348.4605787613336	106.3774038862317	159.56610582934755	53.18870194311585	79.78305291467377
u31	1335.64509872839	106.3774038862317	159.56610582934755	53.18870194311585	79.78305291467377
u32	1996.116668968233	106.3774038862317	159.56610582934755	53.18870194311585	79.78305291467377
u33	1012.7279398539756	106.3774038862317	159.56610582934755	53.18870194311585	79.78305291467377
u34	908.2520018703883	106.3774038862317	159.56610582934755	53.18870194311585	79.78305291467377
u35	1948.7949012122458	106.3774038862317	159.56610582934755	53.18870194311585	79.78305291467377
u36	2056.41872234887	106.3774038862317	159.56610582934755	53.18870194311585	79.78305291467377
u37	2003.3893969554406	106.3774038862317	159.56610582934755	53.18870194311585	79.78305291467377
u38	1242.010481457046	106.3774038862317	159.56610582934755	53.18870194311585	79.78305291467377
u39	1604.8014616874557	106.3774038862317	159.56610582934755	53.18870194311585	79.78305291467377
u40	2062.4128604703847	106.3774038862317	159.56610582934755	53.18870194311585	79.78305291467377
u41	1725.609119864315	106.3774038862317	159.56610582934755	53.18870194311585	79.78305291467377
u42	1401.8239029058054	106.3774038862317	159.56610582934755	53.18870194311585	79.78305291467377
u43	1629.5319856788547	106.3774038862317	159.56610582934755	53.18870194311585	79.78305291467377
u44	1873.4113578307517	106.3774038862317	159.56610582934755	53.18870194311585	79.78305291467377
u45	1417.3921748355376	106.3774038862317	159.56610582934755	53.18870194311585	79.78305291467377
u46	1286.7447867134185	106.3774038862317	159.56610582934755	53.18870194311585	79.78305291467377
u47	1237.0119402869072	106.3774038862317	159.56610582934755	53.18870194311585	79.78305291467377
u48	1016.4693338549386	106.3774038862317	159.56610582934755	53.18870194311585	79.78305291467377
u49	1949.2757411280788	106.3774038862317	159.56610582934755	53.18870194311585	79.78305291467377
u50	1584.4198194014953	106.3774038862317	159.56610582934755	53.18870194311585	79.78305291467377
u51	1468.3643458383779	106.3774038862317	159.56610582934755	53.18870194311585	79.78305291467377
u52	1886.434038056916	106.3774038862317	159.56610582934755	53.18870194311585	79.78305291467377
u53	1515.408576267147	106.3774038862317	159.56610582934755	53.18870194311585	79.78305291467377
u54	1388.6459222776489	106.3774038862317	159.56610582934755	53.18870194311585	79.78305291467377
u55	925.5897099156001	106.3774038862317	159.56610582934755	53.18870194311585	79.78305291467377
u56	895.6520466155454	106.3774038862317	159.56610582934755	53.18870194311585	79.78305291467377
u57	1281.811889788321	106.3774038862317	159.56610582934755	53.18870194311585	79.78305291467377
u58	1393.7007921550558	106.3774038862317	159.56610582934755	53.18870194311585	79.78305291467377
u59	2503.5032537652432	106.3774038862317	159.56610582934755	53.18870194311585	79.78305291467377
u60	2114.23913706124	106.3774038862317	159.56610582934755	53.18870194311585	79.78305291467377
u61	1777.0799288102635	106.3774038862317	159.56610582934755	53.18870194311585	79.78305291467377
u62	880.9240669470987	106.3774038862317	159.56610582934755	53.18870194311585	79.78305291467377
u63	2320.6746677929364	106.3774038862317	159.56610582934755	53.18870194311585	79.78305291467377
u64	884.7599963952903	106.3774038862317	159.56610582934755	53.18870194311585	79.78305291467377
u65	1551.6215420265894	106.3774038862317	159.56610582934755	53.18870194311585	79.78305291467377
u66	1900.3902140847697	106.3774038862317	159.56610582934755	53.18870194311585	79.78305291467377
u67	2383.0757694186677	106.3774038862317	159.56610582934755	53.18870194311585	79.78305291467377
u68	1142.8593620070753	106.3774038862317	159.56610582934755	53.18870194311585	79.78305291467377
u69	1349.6718845844975	106.3774038862317	159.56610582934755	53.18870194311585	79.78305291467377
u70	1976.7153043762703	106.3774038862317	159.56610582934755	53.18870194311585	79.78305291467377
u71	2155.4520413164373	106.3774038862317	159.56610582934755	53.18870194311585	79.78305291467377
u72	1515.8378244293729	106.3774038862317	159.56610582934755	53.18870194311585	79.78305291467377
u73	1420.8577341689227	106.3774038862317	159.56610582934755	53.18870194311585	79.78305291467377
u74	1879.9667796864912	106.3774038862317	159.56610582934755	53.18870194311585	79.78305291467377
u75	1160.41279870405	106.3774038862317	159.56610582934755	53.18870194311585	79.78305291467377
u76	2378.825972997595	106.3774038862317	159.56610582934755	53.18870194311585	79.78305291467377
u77	2095.62878063936	106.3774038862317	159.56610582934755	53.18870194311585	79.78305291467377
u78	1519.141591536536	106.3774038862317	159.56610582934755	53.18870194311585	79.78305291467377
u79	2140.0265857962227	106.3774038862317	159.56610582934755	53.18870194311585	79.78305291467377
u80	2049.846461717405	106.3774038862317	159.56610582934755	53.18870194311585	79.78305291467377
u81	1183.2663477059498	106.3774038862317	159.56610582934755	53.18870194311585	79.78305291467377
u82	2423.3248270209037	106.3774038862317	159.56610582934755	53.18870194311585	79.78305291467377
u83	887.7972482996926	106.3774038862317	159.56610582934755	53.18870194311585	79.78305291467377
u84	1908.2817713572622	106.3774038862317	159.56610582934755	53.18870194311585	79.78305291467377
u85	1332.7630607780663	106.3774038862317	159.56610582934755	53.18870194311585	79.78305291467377
u86	951.3901568341684	106.3774038862317	159.56610582934755	53.18870194311585	79.78305291467377
u87	2365.4599799041325	106.3774038862317	159.56610582934755	53.18870194311585	79.78305291467377
u88	2157.2620952637258	106.3774038862317	159.56610582934755	53.18870194311585	79.78305291467377
u89	1831.978345787361	106.3774038862317	159.56610582934755	53.18870194311585	79.78305291467377
u90	1402.5152007209995	106.3774038862317	159.56610582934755	53.18870194311585	79.78305291467377
u91	2295.667416549281	106.3774038862317	159.56610582934755	53.18870194311585	79.78305291467377
u92	1757.4125504372191	106.3774038862317	159.56610582934755	53.18870194311585	79.78305291467377
u93	1379.386107269075	106.3774038862317	159.56610582934755	53.18870194311585	79.78305291467377
u94	1721.9157519973214	106.3774038862317	159.56610582934755	53.18870194311585	79.78305291467377
u95	1025.2800764717908	106.3774038862317	159.56610582934755	53.18870194311585	79.78305291467377
u96	923.7587577018666	106.3774038862317	159.56610582934755	53.18870194311585	79.78305291467377
u97	1142.2780498104407	106.3774038862317	159.56610582934755	53.18870194311585	79.78305291467377
u98	1518.3498529400408	106.3774038862317	159.56610582934755	53.18870194311585	79.78305291467377
u99	849.7114694373721	106.3774038862317	159.56610582934755	53.18870194311585	79.78305291467377
u100	1418.5656745234235	106.3774038862317	159.56610582934755	53.18870194311585	79.78305291467377
u101	2291.1509978890817	106.3774038862317	159.56610582934755	53.18870194311585	79.78305291467377
u102	1434.0422162326429	106.3774038862317	159.56610582934755	53.18870194311585	79.78305291467377
u103	2442.844806964328	106.3774038862317	159.56610582934755	53.18870194311585	79.78305291467377
u104	1353.5182885246822	106.3774038862317	159.56610582934755	53.18870194311585	79.78305291467377
u105	1648.3863697288148	106.3774038862317	159.56610582934755	53.18870194311585	79.78305291467377
u106	2438.1052268114186	106.3774038862317	159.56610582934755	53.18870194311585	79.78305291467377
u107	1620.1390059971427	106.3774038862317	159.56610582934755	53.18870194311585	79.78305291467377
u108	1201.6203561228085	106.3774038862317	159.56610582934755	53.18870194311585	79.78305291467377
u109	1762.6803965063775	106.3774038862317	159.56610582934755	53.18870194311585	79.78305291467377
u110	1973.057286252689	106.3774038862317	159.56610582934755	53.18870194311585	79.78305291467377
